91 552171.909 199596.014 56.518
92 552189.387 199598.295 56.337 
93 552197.415 199593.306 56.548 
94 552210.817 199591.882 56.596 
95 552224.409 199592.192 56.552 
96 552237.070 199589.038 56.674 
97 552249.947 199587.659 56.707 
98 552145.884 199599.033 53.949 
99 552160.115 199597.660 53.756 
100 552170.085 199596.622 53.873 
101 552176.425 199595.956 53.805 
102 552188.510 199597.251 54.135 
103 552196.135 199593.857 53.843 
104 552201.576 199593.379 54.196 
105 552206.707 199592.938 54.190 
106 552215.798 199591.751 53.906 
107 552222.695 199591.117 54.079 
108 552231.445 199590.087 54.588 
109 552244.255 199588.677 54.176 
110 552145.686 199598.891 57.046 