1 552246.931 199560.039 56.700 
2 552234.051 199561.414 56.668 
3 552220.916 199562.790 56.637 
4 552207.807 199564.207 56.619 
5 552188.602 199566.252 56.598 
6 552175.461 199567.643 56.547 
7 552162.332 199569.003 56.545 
8 552241.312 199560.391 54.639 
9 552234.192 199560.818 54.673 
10 552228.201 199561.602 54.715 
11 552217.890 199562.452 54.623 
12 552212.676 199563.203 53.920 
13 552204.727 199563.908 54.609 
14 552194.353 199565.263 54.304 
15 552188.586 199565.657 54.524 
16 552182.259 199566.521 54.469 
17 552173.333 199567.435 53.772 
18 552165.199 199568.079 53.356 
19 552156.996 199569.087 54.024 
20 552148.885 199569.782 54.239 
21 552142.576 199571.053 57.066 
