0 0.000000 0.000000 0.000000
1 12.953182 -0.029534 0.015768
2 26.160049 -0.063024 0.005940
3 39.345383 -0.075452 0.036344
4 58.658952 -0.094257 0.049661
5 71.873367 -0.144655 0.057669
6 85.072581 -0.152592 0.027310
7 5.624803 -2.069350 0.155444
8 12.750152 -2.098126 -0.170855
9 18.790414 -2.028624 -0.033382
10 29.133572 -2.164999 -0.252866
11 34.397684 -2.817453 0.074905
12 42.376715 -2.167188 -0.190741
13 52.835747 -2.418117 0.116855
14 58.612153 -2.243365 -0.137159
15 64.994975 -2.260661 0.062150
16 73.967592 -2.950937 0.163848
17 82.124164 -3.400670 0.030315
18 90.387715 -2.718646 0.038174
19 98.526790 -2.538830 -0.163570
20 104.934609 0.350519 -0.114896
