0 0.000000 0.000000 0.000000
1 17.130565 0.000000 4.154510
2 25.648381 0.217738 0.057826
3 39.125078 0.364367 0.086686
4 52.604179 0.442595 1.861008
5 65.530404 0.634880 0.089215
6 78.480434 0.762510 0.106403
7 -26.179397 -2.757022 0.229686
8 -11.882313 -2.843505 0.401888
9 -1.859641 -2.652873 0.443473
10 4.515532 -2.674108 0.465950
11 16.387439 -2.222580 3.051890
12 24.336137 -2.491114 0.504105
13 29.794226 -2.096845 0.610843
14 34.942757 -2.063764 0.725788
15 44.110592 -2.283620 0.529896
16 51.034286 -2.058631 0.640984
17 59.840397 -1.486563 0.553677
18 72.730409 -1.804855 0.538839
19 -26.383480 0.336093 0.025321
